X		Y		Z
-554810.1374	-1057162.522	877.6048
-546522.1833	-1056583.668	594.9725
-545227.9159	-1057193	565.1394
-545818.7468	-1061116.415	1010.878
-552117.0817	-1061002.08	825.1082
-553924.7359	-1065303.557	644.1191
-547713.1409	-1057918.307	871.6295
-550000.736	-1058787.463	1147.9147
-544654.3845	-1060121.784	628.6446
-551971.9388	-1058115.691	1218.6283
-548073.527	-1066704.609	1142.0189
-553141.0402	-1059834.73	1054.4656
-554743.6978	-1059619.826	1008.9882
-545221.4233	-1060270.576	720.6478
-547642.486	-1063905.91	836.8387
-548374.6319	-1063994.692	692.7242
-550201.6602	-1062659.144	974.5828
-554394.4598	-1060511.939	1109.6675
-544392.7859	-1066232.161	1314.7363
-545456.9001	-1059634.428	652.7161
-548828.9548	-1058311.689	1011.8743
-549291.389	-1066637.628	1157.2308
-554125.0613	-1066552.332	573.933
-553653.4419	-1063979.453	697.1277
-546256.8337	-1066219.359	1028.4736
-551941.1149	-1059162.571	1112.5184
-544725.6336	-1065256.065	1285.9823
-551118.6922	-1056887.692	1259.1277
-554910.8283	-1064037.561	926.617
-555301.9684	-1064765.594	831.6375
-553025.6435	-1064475.329	585.7125
-546904.9528	-1065204.085	872.5065
-545502.5403	-1064974.718	1111.12
-554279.3816	-1065832.581	595.7691
-554628.7236	-1062932.742	796.2223
-552158.9248	-1062720.741	801.8038
-549938.6485	-1064920.661	778.2173
-549556.6675	-1065036.097	758.2051
-548161.2995	-1058638.257	1081.125
-550330.0666	-1056769.321	1403.4889
-545874.9219	-1065671.529	1069.1804
-552312.3855	-1064456.442	573.2632
-550899.1029	-1058402.431	1311.8551
-545213.5108	-1065405.116	1296.2452
-553921.42	-1061562.518	1205.91
-554574.3331	-1057582.328	945.4741
-555143.4694	-1060330.673	1051.6753
-544942.6205	-1063644.584	1042.8756
-544534.6578	-1063400.419	1098.8203
-552882.3172	-1058832.725	1080.6173
-550410.9525	-1062386.89	998.2457
-547046.0173	-1064137.086	971.0693
-545042.0903	-1062458.213	888.2078
-548654.4215	-1066499.765	1133.6591
-547336.0464	-1060818.133	789.9725
-552388.9822	-1066357.012	603.8462
-548720.0824	-1057215.064	978.395
-547714.2557	-1066193.332	1003.2588
-554099.3616	-1057157.156	883.0296
-549195.6961	-1058090.052	1075.4769
-552679.9068	-1066296.85	552.3552
-550906.6955	-1056967.893	1292.054
-549878.1263	-1065005.868	823.4493
-545941.4288	-1059129.325	609.2258
-555014.9013	-1060994.134	1119.0696
-554837.6662	-1059887.169	1015.1465
-549992.5003	-1058506.487	1264.6842
-547065.4414	-1059250.956	715.7578
-552871.9868	-1060030.668	1071.3878
-548542.3497	-1057114.103	924.4507
-552728.3358	-1062787.557	950.1982
-544300.1853	-1061803.495	722.1993
-547062.6723	-1058180.979	690.5306
-547440.6089	-1061283.741	806.0302
-544740.0023	-1059281.304	580.3014
-550170.7764	-1063669.526	771.4059
-553545.1457	-1061774.34	1211.8217
-552992.4047	-1057897.581	1013.1404
-544585.3419	-1060793.655	666.8084
-544249.2503	-1063052.573	1036.2566
-548080.4614	-1059979.113	1001.1993
-546211.6093	-1062572.007	1034.6925
-549263.4912	-1065527.853	892.2297
-552857.913	-1060333.04	976.4622
-548730.8731	-1063856.777	739.8354
-543568.2255	-1057792.899	707.5129
-553766.0634	-1058051.758	977.8504
-544027.4661	-1058243.735	724.2874
-548099.6867	-1062936.561	995.8903
-554027.7494	-1059253.652	909.1515
-554807.7218	-1058446.106	847.9741
-545924.9532	-1065336.755	979.4626
-544523.6304	-1057443.606	568.6251
-550977.9508	-1065426.226	807.3561
-544429.4333	-1061225.72	643.842
-548998.7962	-1060625.622	1189.0653
-546639.8871	-1065600.209	802.6699
-543708.6157	-1059276.226	729.3542
-551618.4822	-1065684.443	792.0514
-544228.2604	-1065928.293	1237.0055
-552269.5199	-1056978.018	978.5992
-554929.383	-1056786.162	737.2617
-552354.2655	-1063031.213	752.3326
-552566.1772	-1064505.177	643.8378
-552117.487	-1057531.407	1087.7852
-553108.9942	-1062827.052	1069.6013
-547049.3046	-1066165.105	890.9096
-552560.4495	-1065118.576	549.2518
-545447.8075	-1064062.619	1181.0839
-548043.8569	-1061029.27	1014.2638
-545464.0792	-1057359.288	597.4591
-549352.9853	-1059145.283	1268.3623
-549771.9855	-1059640.576	1059.1624
-553219.409	-1058826.219	1015.5422
-548068.3125	-1065061.14	809.1527
-549137.7256	-1063167.734	837.437
-543841.0397	-1059450.504	684.0779
-552865.8193	-1064744.415	579.5508
-550617.2413	-1057808.255	1282.567
-550168.1657	-1064280.307	590.1042
-544758.7395	-1060648.002	683.8323
-553476.0886	-1058947.821	978.2699
-548032.6398	-1064591.176	944.8406
-552007.7521	-1063921.174	641.4061
-552353.1545	-1060039.883	958.0696
-543869.2749	-1063141.69	955.3076
-543940.7869	-1064805.517	1356.4697
-547224.3912	-1061598.706	882.579
-552238.0468	-1066097.94	627.8357
-547571.8412	-1057735.083	842.0332
-554344.1635	-1060587.897	1107.5393
-545812.8634	-1059437.915	650.3356
-548334.0247	-1060475.764	1088.2156
-545884.1901	-1060671.736	963.2731
-549598.0247	-1058615.508	1206.5193
-549478.8355	-1065724.67	1028.5542
-550257.0112	-1063543.024	820.7985
-553306.4766	-1063918.501	737.2917
-551332.3311	-1064695.122	613.0095
-546330.7798	-1057847.397	664.9579
-543825.0963	-1061711.844	645.9268
-552412.949	-1056685.102	916.3522
-545075.4159	-1057947.209	563.7899
-546249.4859	-1060329.47	952.3198
-551629.0421	-1064505.707	569.4611
-554668.0056	-1063187.115	748.7986
-554073.6671	-1065588.153	614.8528
-554461.1032	-1060629.607	1130.7083
-552337.5134	-1064310.351	628.749
-552623.5089	-1059338.848	1114.1359
-554929.6096	-1062243.73	919.2164
-551810.6067	-1066103.26	652.4872
-547857.42	-1065320.524	698.286
-551113.2603	-1056601.675	1302.3896
-547771.0004	-1065431.26	769.1898
-549614.7761	-1060244.09	1129.7727
-549852.4204	-1061839.948	1083.1716
-551472.6799	-1058576.125	1342.9636
-545997.8628	-1059038.556	618.5786
-545912.0592	-1056565.126	575.8516
-547621.4248	-1065958.298	1044.2777
-549165.8418	-1060103.8	1259.4072
-549397.79	-1058205.936	1168.4529
-544397.0664	-1065992.157	1277.8474
-546895.004	-1057629.846	668.257
-554966.6982	-1064617.347	852.5031
-551597.0911	-1061584.442	774.1799
-547233.011	-1065296.823	711.2968
-547531.0739	-1058320.971	813.0881
-550793.3265	-1057643.637	1307.618
-550688.0386	-1065557.238	880.6836
-546993.2024	-1059062.195	734.4504
-545785.6273	-1059393.42	640.5429
-553034.7179	-1057662.266	1067.2396
-554860.6964	-1064706.156	854.2251
-546309.9577	-1066368.234	1001.3448
-547067.5257	-1057119.957	707.2808
-554419.2497	-1057693.661	994.2239
-548920.6624	-1065631.632	965.6564
-543656.8713	-1060817.672	828.868
-549832.1573	-1060339.315	1020.9919
-544506.7547	-1061467.272	707.5034
-547603.0857	-1061659.491	923.0042
-552243.1727	-1063914.08	680.4991
-546088.4783	-1064104.36	1187.2395
-553475.8666	-1062901.877	1058.7101
-548857.5083	-1060169.464	1206.5669
-552390.57	-1061580.773	976.6019
-544607.772	-1062003.114	774.4479
-552767.8211	-1059026.594	1103.9576
-546282.0343	-1065764.805	915.6414
-554125.8631	-1058633.298	840.014
-553723.8774	-1066463.931	518.7561
-547835.9354	-1057119.154	723.6879
-548487.9	-1059907.413	1105.0748
-548488.3776	-1059759.64	1044.4401
-550673.3962	-1062349.692	887.9356
-551338.9931	-1066287.514	670.8165
-553667.2927	-1060339.397	1031.5411
-548593.5972	-1059408.669	993.1635
-546138.1008	-1058663.117	613.5086
-553076.4856	-1064158.365	692.5313
-546504.0882	-1064703.219	1100.136
-547727.2237	-1063409.803	854.3079
-553353.4338	-1061413.672	1151.5542
-550406.6638	-1065850.819	816.8815
-552742.5379	-1065505.129	536.1962
-546852.5428	-1057806.522	654.9479
-545730.3681	-1056646.882	560.2241
-553239.6763	-1063170.058	987.2905
-551604.4369	-1059048.926	1202.2759
-553849.1542	-1062990.047	978.822
-550513.1298	-1064313.67	595.1959
-551291.4585	-1065388.313	808.8438
-546168.0195	-1066556.174	1071.9352
-553350.2822	-1065774.164	514.0351
-546683.2045	-1062288.286	1089.8705
-547297.7702	-1059906.206	833.0705
-544910.7768	-1064937.447	1285.8652
-550700.3021	-1059036.905	1296.265
-552098.0648	-1057568.551	1103.4478
-553137.6926	-1060772.785	1008.4496
-554424.1367	-1060212.175	1062.1681
-543793.6952	-1066493.596	1276.0665
-546419.7033	-1061319.801	1134.203
-553714.2435	-1063919.023	703.7149
-543877.3068	-1056594.257	562.4492
-554115.9829	-1066269.749	607.3621
-545113.0381	-1057171.891	554.621
-552062.9793	-1061539.176	820.0745
-551624.283	-1062791.401	635.5887
-548536.6149	-1061147.464	1102.4299
-546174.9725	-1060449.583	1003.7275
-550128.5223	-1062195.829	1023.2255
-549457.9557	-1056661.037	1344.6748
-550557.5547	-1057860.176	1278.1162
-549757.3453	-1060310.205	1049.2059
-550815.6457	-1065962.512	716.6765
-544344.9545	-1066857.164	1394.6946
-549829.6236	-1061623.866	1113.8591
-545688.3238	-1065661.875	1147.2775
-553376.4392	-1056931.256	879.4554
-547727.0859	-1062480.547	1117.9547
-546789.675	-1060921.953	941.4257
-551044.0406	-1056513.678	1325.4419
-545629.9677	-1063477.314	1089.8787
-554790.2987	-1065707.63	672.6794
-553808.8497	-1065652.58	556.0707
-546630.3171	-1062122.622	1074.6351
-550274.5694	-1057952.805	1280.4412
-546306.6647	-1061637.88	1112.9869
-545819.9669	-1061954.479	918.3034
-547227.2183	-1062044.971	1053.5396
-545362.342	-1056686.092	546.8845
-553068.0076	-1062616.082	1095.9301
-545395.5862	-1058680.127	582.1842
-554882.8994	-1064335.562	923.1871
-548990.8541	-1058957.344	1220.894
-550163.9205	-1065886.149	919.623
-554139.8305	-1061519.414	1175.5856
-547747.2885	-1058403.954	901.1122
-551324.6868	-1061396.186	880.0784
-551090.9703	-1065614.684	783.5601
-549736.3397	-1066226.623	1094.234
-543840.7045	-1059813.38	670.6988
-545410.6538	-1057571.351	601.9908
-550713.6379	-1060455.001	953.1352
-553675.3589	-1063798.237	744.8268
-545155.4042	-1061872.141	744.5653
-545936.5075	-1057204.399	586.1915
-551863.0865	-1057265.339	1079.3678
-553656.2594	-1059071.781	951.3488
-553394.9019	-1058201.564	959.8536
-548623.0187	-1066220.998	970.2457
-554039.7164	-1056747.005	754.2947
-544517.589	-1059842.685	599.3185
-554549.7533	-1065477.674	727.7112
-551126.0514	-1061335.247	876.6592
-550704.8581	-1060354.376	973.0295
-554437.7992	-1062055.831	1024.2577
-554475.6141	-1059598.407	991.5077
-548948.9759	-1063847.699	752.1855
-553490.9951	-1065302.646	539.2086
-554794.0934	-1059766.596	1015.8397
-544448.7212	-1058261.781	631.3956
-550374.3851	-1065292.213	818.9398
-544789.0246	-1063215.306	961.9271
-551353.2169	-1066517.462	675.4054
-546467.439	-1062194.129	1052.1035
-543977.948	-1066057.01	1225.6975
-545383.7725	-1065142.492	1218.121
-545357.9641	-1066051.607	1107.0778
-554079.5728	-1059125.306	879.9426
-549228.8382	-1057430.154	1046.8971
-549944.2004	-1062695.053	880.1263
-551428.5921	-1061923.877	736.5948
-544798.6926	-1058208.514	545.9308
-551913.0368	-1057941.228	1250.2905
-552958.9805	-1059914.432	1085.7435
-545072.2933	-1060527.967	716.663
-551868.3175	-1061988.155	793.0681
-547614.7404	-1066792.729	1049.9156
-549805.5569	-1061505.719	1121.5686
-552907.1482	-1061071.681	1076.0626
-554483.0906	-1056828.606	791.3281
-554133.4905	-1064261.584	673.1172
-545365.4677	-1058905.394	582.6739
-547165.4601	-1059288.071	719.5277
-543766.4665	-1065963.72	1287.7761
-555058.4375	-1065445.418	730.2758
-554988.7989	-1062042.379	892.6539
-544599.3108	-1063182.459	1028.4495
-554323.4063	-1057741.937	1023.3351
-548026.9342	-1059224.709	854.0314
-543927.1759	-1056678.374	569.743
-550854.0437	-1060026.567	1142.3433
-548372.8852	-1062834.266	1029.0575
-547071.1758	-1060741.654	777.7521
-549109.8888	-1059395.342	1260.4666
-543683.5123	-1059206.16	745.2038
-546520.9416	-1056873.493	600.405
-549915.9316	-1057564.046	1169.6653
-543588.0013	-1058258.157	763.5549
-549935.7069	-1059684.753	985.9636
-551107.5638	-1056798.406	1274.9008
-552318.2359	-1056623.249	878.9549
-544404.0437	-1060196.177	616.834
-553197.0949	-1059707.123	1044.6287
-555231.2211	-1062030.749	898.3079
-546645.1072	-1060040.851	749.8848
-552692.9899	-1064008.466	717.8445
-547505.3826	-1062650.717	1149.3931
-553622.1466	-1062584.223	1103.3704
-547751.5206	-1057564.883	849.0314
-551179.5987	-1058683.292	1334.9232
-543731.2281	-1062446.195	816.8123
-548013.6235	-1060477.944	1069.3298
-548452.7181	-1062047.588	976.5428
-550798.4421	-1060756.207	962.0707
-553906.9865	-1063416.358	821.5723
-549245.0448	-1065573.831	917.5573
-552011.5453	-1063819.213	635.6436
-547102.3159	-1063040.448	1072.0314
-550915.651	-1056569.965	1345.3567
-555070.3274	-1057693.845	834.5731
-551228.8606	-1061596.651	791.233
-547571.5279	-1059386.905	792.6292
-544838.2491	-1060711.768	703.9087
-544104.1425	-1064798.846	1338.0316
-544300.3703	-1059586.371	619.6368
-543782.2009	-1059973.139	620.301
-553135.6921	-1058168.474	993.8811
-552338.6052	-1064550.803	570.7985
-549962.5577	-1066470.857	1066.5903
-553449.7398	-1065015.12	549.9296
-550064.2582	-1057212.5	1299.7102
-554547.2584	-1059569.902	1005.4432
-550352.7824	-1064758.291	688.8737
-545617.6713	-1066120.175	1182.7133
-550989.2189	-1064445.681	569.6566
-549574.884	-1058442.09	1206.9055
-551783.9212	-1057878.918	1263.817
-543984.2973	-1066893.688	1399.3157
-554369.7106	-1058931.585	848.8816
-546899.3036	-1062099.279	1051.0669
-544360.7634	-1061470.85	691.4948
-543794.447	-1066512.304	1277.6428
-543556.0433	-1058795.143	818.0682
-546853.6649	-1058111.075	676.2487
-552197.5691	-1065032.13	602.7429
-552996.0226	-1064623.593	574.4221
-548540.76	-1062588.476	1039.4025
-550172.2855	-1066403.037	973.34
-549921.6207	-1057336.114	1249.495
-548090.4606	-1064660.231	957.5081
-546228.3275	-1065917.95	971.7208
-550772.9351	-1059010.241	1297.0001
-547945.2598	-1064952.784	861.1923
-552235.4564	-1062958.447	781.2307
-554786.5036	-1057133.374	872.1927
-552930.6799	-1056852.095	946.7358
-552555.1707	-1056645.324	945.0529
-549493.835	-1066324.681	1149.5786
-550449.6796	-1057301.251	1323.1414
-548194.0215	-1057526.345	750.9513
-550756.5846	-1063019.614	889.1907
-549000.2106	-1058523.451	1147.1932
-554643.0925	-1060142.548	1065.9119
-555117.4691	-1062528.136	834.7003
-544722.6762	-1060502.567	663.6087
-547674.0677	-1059513.302	832.9234
-552839.7577	-1065446.951	518.5516
-554012.1419	-1064652.357	670.5363
-549588.6513	-1064383.479	628.1472
-549375.0279	-1065090.956	792.7111
-545893.6072	-1060098.968	831.2426
-552796.7658	-1065581.309	536.4183
-544192.069	-1066328.416	1280.5035
-544484.6917	-1057573.189	583.7422
-547264.1657	-1058261.366	731.827
